Empty Spots:
6
7
13
22
26
28
30
33
37
41
62
64
69
74
91
92
93
98
107
109
118
122
123
130
131
132
133
135
136
149
150
151
154
158
162
165
178
180
181
185
187
191
203
204
205
206
212
214
216
224
225
228
235
239
240
242
243
244
245
257
258
259
260
263
267
271
273
274
275
276
279
282
289
291
292
297
299
300
301
302
304
306
308
309
312
314
316
317
318
319
320
321
322
323
325
328
334
336
338
339
340
341
343
344
345
349
350
353
355
360
361
363
364
365
367
369
371
372
374
379
380
381
385
389
390
