Vehicle Detection Rate by Day of the Week (%)
day_of_week
Monday       17.564870
Tuesday      15.069860
Wednesday    14.670659
Thursday     14.471058
Friday       13.872255
Sunday       12.774451
Saturday     11.576846

Vehicle Detection Rate by Time Period (%)
time_period
18:00-21:00    26.846307
15:00-18:00    22.654691
09:00-12:00    19.061876
06:00-09:00    18.263473
21:00-24:00     6.187625
12:00-15:00     5.988024
03:00-06:00     0.598802
00:00-03:00     0.399202

Most Preferred Day: Monday
Most Preferred Time Period: 18:00-21:00
Least Preferred Day: Saturday
Least Preferred Time Period: 00:00-03:00


Predictions:
0.00
0.00
0.00
0.00
1.00
0.00
0.00
0.00
0.00
0.00
0.00
0.00
0.00
0.00
1.00
1.00
0.00
0.00
0.00
1.00
0.00
0.00
1.00
0.00
0.00
0.00
0.00
1.00
1.00
0.00
1.00
0.00
0.00
0.00
1.00
0.00
0.00
0.00
0.00
0.00
1.00
0.00
1.00
1.00
0.00
0.00
1.00
0.00
1.00
0.00
0.00
0.00
0.00
0.00
0.00
0.00
0.00
0.00
0.00
0.00
0.00
0.00
0.00
0.00
0.00
0.00
0.00
0.00
0.00
0.00
0.00
0.00
0.00
0.00
0.00
0.00
0.00
0.00
0.00
0.99
0.00
0.00
0.00
0.00
1.00
0.00
1.00
0.00
0.00
1.00
1.00
1.00
0.00
0.00
0.00
1.00
1.00
0.00
0.00
0.00
0.00
1.00
0.05
0.00
0.00
1.00
0.00
1.00
0.00
0.00
0.00
0.00
1.00
1.00
0.00
1.00
0.00
1.00
0.00
0.00
1.00
1.00
0.00
0.00
0.00
0.00
0.00
1.00
0.00
0.00
0.00
0.00
0.00
1.00
0.00
0.00
0.00
0.00
0.00
0.00
0.00
0.00
0.00
0.00
1.00
1.00
0.00
0.00
0.00
1.00
0.00
0.00
1.00
1.00
1.00
0.00
1.00
1.00
0.00
0.00
0.00
0.00
0.00
0.00
0.00
0.00
0.00
0.99
1.00
1.00
1.00
0.00
0.00
1.00
0.00
1.00
0.00
0.00
0.00
0.00
0.00
0.00
1.00
0.00
0.00
0.00
1.00
1.00
1.00
0.00
1.00
0.00
0.00
0.00
0.00
1.00
1.00
0.00
0.00
0.00
0.00
